300 300 583279837 500
2 75 80 178 176
2 3 47 247 64
1 188 3 251 163 465728758
2 95 41 286 203
2 51 101 276 174
1 154 11 237 84 55576492
2 140 17 245 244
1 148 26 177 228 580018774
1 241 120 263 247 670176674
2 72 76 259 300
2 206 166 260 196
1 4 59 139 218 41051502
1 156 172 214 263 180302334
1 90 104 95 229 542605083
1 94 167 187 203 2651743
2 52 136 255 292
2 28 33 288 224
2 100 115 242 272
1 44 132 84 160 364354974
1 10 58 57 283 462494976
2 122 11 272 264
1 47 172 189 191 22345377
1 136 20 174 295 541783458
2 43 132 253 186
2 114 7 147 209
1 36 102 108 248 254460423
2 81 232 180 291
1 132 8 294 153 34146541
1 135 90 296 143 692214083
2 223 104 225 278
2 165 208 255 210
1 25 23 181 120 961373770
1 184 66 278 171 963956727
2 3 90 128 178
2 107 132 140 282
1 70 102 186 119 912629840
2 108 197 194 262
1 148 5 219 255 439070854
2 96 11 295 244
1 18 2 262 240 656451165
1 2 172 124 273 357415891
1 40 176 60 210 503477792
2 275 139 300 182
1 77 178 120 277 795418404
1 200 200 260 295 592363723
2 11 169 297 188
1 71 100 151 210 668065660
1 71 27 155 134 43361398
1 8 122 25 210 241322942
2 60 49 193 254
2 75 71 84 140
1 219 277 267 295 380554749
2 152 180 291 214
2 14 99 169 171
1 84 191 98 246 18753289
2 58 168 152 242
2 135 8 181 104
1 165 103 172 164 296021514
1 188 69 272 98 793419768
1 70 69 175 81 952967646
1 71 53 151 102 23435897
2 42 51 185 84
2 79 107 182 183
1 212 85 265 274 839082519
1 31 21 229 165 642195143
2 189 195 194 231
2 131 18 197 274
1 47 83 253 161 10857082
2 164 10 252 196
1 154 121 264 267 878485959
1 105 10 153 137 791755340
1 158 152 228 216 113555633
2 196 78 296 170
1 224 78 283 87 32376055
1 80 74 271 75 328512988
1 90 13 121 102 608002699
1 43 17 156 244 106098896
1 144 239 203 268 874683532
1 45 27 250 41 724382574
2 245 74 292 76
2 204 225 285 283
1 27 98 131 189 969364988
2 83 90 120 200
1 102 236 234 299 502151590
2 88 95 124 221
2 28 87 276 102
1 100 70 222 177 271967021
1 5 2 275 242 894155385
1 128 132 236 193 469898589
1 69 79 258 206 469724198
2 33 86 85 194
1 99 235 118 269 112823154
1 186 70 280 252 781879711
2 144 91 298 142
1 133 38 202 56 297368238
1 17 23 97 298 413679306
1 34 139 112 166 49019417
2 181 68 262 242
2 46 75 198 229
1 3 247 175 268 173852752
2 92 26 226 267
1 53 144 169 276 821574895
1 33 146 117 221 488224572
2 45 51 290 68
1 68 227 191 286 558363740
1 138 28 263 171 210148188
1 130 63 169 69 704148412
1 26 113 114 234 527781267
1 78 230 218 269 797399514
2 173 11 262 194
1 149 184 208 258 48551146
1 40 216 92 279 65802906
2 112 15 123 296
1 14 101 287 116 141466323
2 41 136 278 192
1 148 76 286 143 398219682
1 74 1 222 12 876829415
2 108 115 200 160
2 195 77 218 203
2 2 124 6 296
2 58 169 280 225
2 28 17 192 90
1 13 19 266 208 25846915
1 104 66 201 276 327671468
1 233 76 283 276 944914194
1 29 61 213 65 53637847
2 39 32 283 284
2 163 40 183 52
1 66 13 155 249 852608957
1 185 150 202 236 384271876
1 119 155 263 207 996505494
1 146 240 252 286 856435742
1 220 251 282 286 978548227
1 2 127 272 266 529312133
1 32 1 282 46 816658974
1 134 120 172 265 347034135
1 176 191 212 277 379371625
1 30 33 222 99 137550037
2 14 62 33 149
2 21 207 155 289
2 264 97 269 133
1 67 18 260 272 990590581
2 189 270 269 274
1 138 182 184 223 775778448
1 41 114 144 207 621427040
2 129 42 285 265
2 105 106 250 110
1 105 189 153 218 260739184
1 32 199 204 220 612941118
1 279 50 286 135 51752753
1 202 194 255 229 71129358
1 34 43 158 49 342800528
1 61 233 80 261 183064071
2 38 79 118 284
1 9 51 54 272 544351006
1 178 83 240 289 674838388
2 30 48 177 110
2 195 55 257 98
1 66 109 267 252 541604265
1 117 21 289 135 54535287
1 121 199 295 259 901375472
1 244 111 253 147 60599507
1 16 131 43 183 419682486
1 178 33 233 135 635439548
2 140 167 148 300
1 60 40 122 70 110379574
1 75 178 85 299 873790239
2 64 31 214 180
1 188 96 196 174 911898279
1 106 86 119 104 944340070
2 200 60 270 167
1 77 85 186 257 239212367
2 279 131 286 247
1 98 145 193 240 732868587
2 102 88 132 100
1 71 18 186 259 352547114
1 39 5 159 275 670346611
2 60 101 91 205
1 250 216 285 217 98626799
1 117 29 195 39 604911450
1 87 14 271 248 904945679
1 16 181 87 278 5312096
2 92 104 186 217
2 8 245 292 273
2 59 128 118 173
1 109 175 278 250 880044387
1 137 76 161 167 707888104
2 10 134 33 144
2 102 215 280 252
1 222 40 257 268 764126905
2 31 84 180 252
1 15 155 198 273 623807345
2 252 56 277 206
2 123 41 237 298
1 39 121 296 124 569929488
1 46 139 132 239 301421736
2 19 113 251 221
1 66 13 91 75 351392116
2 168 6 203 7
1 39 125 271 223 413905479
1 44 132 97 284 646137981
1 168 177 244 240 348806201
2 152 25 176 266
1 31 172 40 296 938908510
2 155 146 278 190
2 80 38 282 165
1 89 15 278 41 674760411
1 149 34 290 261 870091915
1 25 40 187 248 322745684
2 76 25 255 116
1 243 31 267 185 791842106
1 15 57 47 134 128404298
2 87 234 280 252
2 106 13 218 91
2 266 36 276 193
1 183 120 211 193 415176215
2 66 39 188 182
2 166 60 286 103
2 96 10 126 169
2 148 41 165 112
1 174 182 282 199 923935
2 34 48 92 214
1 36 93 284 263 110725330
1 128 152 236 252 405800949
1 22 91 250 173 275141873
1 35 153 219 199 386900861
1 84 8 163 276 339851977
1 176 208 289 263 868782272
1 59 132 131 260 960233855
2 117 38 169 55
1 56 172 175 232 487909408
1 25 29 45 190 191838410
1 84 231 289 289 531326937
2 125 131 255 146
1 149 264 221 288 690517512
2 109 86 270 87
2 1 123 68 230
2 158 23 293 228
1 171 18 210 116 80944130
1 59 239 69 280 775260535
2 114 133 184 197
2 161 53 188 270
1 85 9 279 147 2380512
1 2 21 29 51 833238248
2 115 46 155 61
1 212 189 214 228 25794556
2 40 216 135 221
1 21 33 238 39 490477205
1 197 22 294 58 34198028
1 29 148 153 251 126444599
2 173 110 291 119
2 69 53 107 67
2 189 122 275 170
1 95 20 220 237 244067815
2 31 63 120 244
2 3 78 131 230
2 162 263 177 274
2 25 35 45 156
2 26 261 222 278
2 54 138 189 154
1 103 222 131 295 686952724
2 35 58 284 197
1 133 35 296 164 173974445
1 196 58 216 181 487492367
1 77 121 201 184 317096350
2 110 46 238 166
1 84 113 174 285 104176092
2 2 188 147 265
2 51 111 177 299
2 111 135 161 241
1 70 83 84 280 78581427
2 221 167 258 217
2 41 24 131 121
1 46 140 173 300 550606762
2 14 225 188 281
1 190 90 250 274 925756124
2 94 228 236 270
2 255 50 285 298
2 119 39 218 73
1 169 8 281 272 363203063
1 97 53 268 249 39212123
1 265 54 288 280 205683028
1 18 55 235 295 155922892
1 42 143 93 168 17762623
1 1 9 165 18 881909712
2 1 185 8 299
2 92 172 235 253
1 83 82 228 242 774043009
2 7 195 113 203
1 194 200 255 222 883989042
1 7 188 82 217 530864966
2 95 16 152 200
2 36 93 204 265
1 202 142 248 292 333741128
1 158 86 179 211 246760392
1 40 90 212 98 49888363
1 17 55 76 188 637223
1 59 69 187 285 200529985
2 133 5 148 116
1 100 2 116 284 30359169
1 58 13 226 299 312444663
2 250 189 275 192
1 169 179 194 183 689889436
2 152 18 272 233
1 175 6 270 165 367812530
2 71 97 254 99
1 55 247 288 281 298543750
2 52 127 276 203
1 177 216 295 234 813689391
2 53 65 251 156
2 133 24 169 107
2 81 16 285 181
2 96 60 195 252
2 137 26 156 161
2 205 12 251 296
1 128 164 296 226 31865510
1 36 130 233 275 707654939
1 51 181 155 257 371614726
2 197 49 296 74
1 7 142 300 196 27059990
1 150 190 161 208 737684146
2 13 201 145 299
1 62 139 293 208 2175355
2 91 7 298 152
1 83 197 158 290 281906581
2 152 166 174 257
2 89 100 135 248
2 63 181 148 217
1 100 64 160 234 634300626
2 89 101 141 251
2 185 163 225 279
2 146 4 170 30
2 8 58 247 181
2 26 42 294 99
1 131 116 147 262 443513164
2 87 188 173 205
2 160 274 185 286
1 157 12 292 260 429542795
2 55 192 183 288
1 128 66 277 146 180211834
1 100 157 115 215 500456258
2 204 42 294 292
2 81 96 298 127
1 26 179 297 284 312880666
1 145 224 274 296 148979979
2 63 27 290 70
1 189 186 204 215 521939979
2 82 225 254 269
1 41 122 59 156 966884049
1 122 54 163 94 36269271
1 17 75 210 289 763888816
2 42 89 52 176
1 129 194 247 276 920179097
2 106 68 163 286
2 88 68 294 88
1 76 90 155 194 164323192
2 127 45 269 227
1 125 106 285 170 62571931
1 7 33 148 297 508572647
1 206 112 228 250 347995281
2 87 7 256 207
1 85 83 108 220 41500932
1 82 30 112 242 284674321
2 66 136 194 240
1 18 182 249 292 666312049
2 1 111 89 203
1 100 155 181 264 180962585
1 234 17 234 267 526664620
1 78 32 120 116 876601761
2 59 118 135 225
1 98 151 199 213 195972877
2 164 139 203 228
1 120 22 158 81 68306898
1 211 136 221 213 597957108
2 250 37 282 180
2 83 157 178 266
2 27 48 214 153
1 77 90 147 98 188737349
1 179 77 189 246 789318607
1 233 102 292 177 432934788
2 35 201 80 247
2 94 64 106 234
2 16 42 251 206
1 30 40 228 71 56471903
1 24 91 289 248 175898554
1 35 16 187 111 202971340
2 91 84 134 262
1 30 52 117 298 5736690
1 125 164 292 271 131094103
2 88 70 287 296
2 13 162 236 188
1 80 130 193 191 57347177
2 154 83 196 120
1 104 5 292 191 705114239
2 141 176 144 178
1 45 118 195 123 917419648
1 116 166 271 222 623202124
1 20 140 221 227 750714452
2 38 38 69 120
2 88 76 262 256
2 117 44 175 128
2 19 36 146 128
1 110 14 216 173 612691097
2 267 147 296 255
2 171 80 200 85
1 127 119 289 268 958618501
2 217 103 238 161
2 190 206 223 280
1 41 11 275 93 73853910
1 23 38 296 60 471077189
1 184 24 210 232 226436735
2 47 197 206 298
2 125 168 207 289
1 45 3 137 287 134762588
1 147 167 295 231 753555443
1 150 78 163 294 954564879
2 140 67 149 267
1 38 128 290 151 214304722
1 130 1 241 129 274277842
2 1 141 101 150
2 8 213 79 257
1 75 154 165 270 116651995
2 90 26 188 59
1 22 18 205 173 833853943
2 120 33 267 44
1 110 200 137 203 666310596
2 49 63 137 158
2 170 86 234 254
1 132 92 300 119 353299286
2 98 186 106 281
2 184 136 296 275
2 116 38 296 51
2 99 32 107 52
2 5 37 104 166
1 75 192 119 222 210156864
1 40 198 51 263 269121092
1 26 242 252 248 140148522
1 41 226 180 233 534260441
1 79 131 208 276 840487429
2 94 26 278 186
1 66 71 210 164 782858648
2 127 99 187 107
1 88 244 268 251 719650496
1 108 76 183 194 612248889
1 37 38 249 223 469762394
2 132 70 243 184
1 178 1 256 117 709697485
2 144 6 280 245
1 7 105 82 222 75192691
1 46 64 250 113 326057197
1 207 10 217 96 697053339
1 112 4 255 109 623339444
2 121 23 273 265
2 58 57 124 85
1 158 174 290 258 617959813
2 4 151 284 297
2 14 51 209 116
1 207 120 300 198 577491235
1 200 87 265 157 288156503
1 242 43 279 290 51095954
2 128 234 278 237
2 161 10 203 151
1 13 266 188 296 623819539
1 142 74 254 86 81370668
2 28 56 217 149
2 55 202 279 270
2 152 23 154 142
2 240 99 252 283
2 53 57 74 196
1 11 132 122 253 465951107
2 71 48 214 117
1 101 10 105 215 691963186
2 86 167 91 296
2 95 85 118 87
2 30 41 92 121
1 230 6 286 273 709407426
2 80 36 227 197
2 235 149 257 254
2 1 90 91 215
1 140 16 148 79 11121518
1 118 48 204 169 67134147
1 145 16 205 263 703565873
1 157 30 292 53 826141029
1 67 62 120 213 990280071
1 39 188 107 189 763107988
2 140 71 300 98
2 99 80 179 112
2 6 133 65 168
2 54 239 107 291
1 248 223 295 227 790420408
1 47 10 82 105 835001349
2 159 79 198 97
2 6 157 20 203
2 71 37 86 42
1 191 196 244 278 81757704
2 18 260 171 273
2 29 96 100 225
2 9 17 186 96
1 74 246 162 274 891561730
2 112 86 226 87
