300 233 983642743 500
1 105 168 269 177 5820986
1 3 29 41 197 6917430
2 19 101 141 131
1 78 27 266 122 118528050
1 199 118 278 208 50597205
1 88 201 212 215 31519384
2 31 34 57 52
1 162 26 232 68 99268500
2 28 61 188 225
1 109 161 120 211 115323562
1 145 10 198 145 46175698
1 150 46 228 192 137887990
1 159 25 205 126 85451506
2 39 48 92 105
2 61 6 85 139
2 228 29 251 223
1 176 61 176 211 173788186
2 278 32 291 178
1 89 103 293 183 68803165
1 2 70 112 83 42291488
2 61 120 175 160
2 95 25 178 89
1 168 214 285 215 18329972
2 36 19 214 199
2 29 46 179 145
2 43 102 44 232
1 23 95 205 201 37783849
1 102 100 127 221 127925799
2 60 51 220 70
1 63 12 211 180 11189182
1 33 25 113 211 6226528
1 270 18 283 48 6233943
2 167 28 257 217
2 46 24 256 164
2 217 161 297 198
1 103 8 228 80 124861554
2 19 26 209 117
2 196 173 270 174
2 30 22 156 100
1 184 105 247 226 161773136
1 25 65 292 217 105031833
2 142 8 248 180
2 149 24 174 205
2 221 151 221 218
2 65 57 171 126
2 108 91 109 204
2 130 204 197 232
1 293 17 298 102 175026282
2 86 140 289 198
1 7 95 172 155 137961670
1 158 191 211 208 97923509
2 24 94 168 182
1 81 5 252 116 37484179
2 7 1 263 174
1 108 109 283 165 106315011
1 39 177 217 187 43098044
1 134 151 265 155 160769830
1 82 145 238 228 133685523
1 86 134 192 218 4724681
2 91 119 191 122
1 227 59 248 106 144186047
2 20 205 153 216
1 49 59 257 115 166269089
1 100 80 239 196 65558206
1 214 87 218 111 88409239
2 131 62 281 64
2 87 96 94 191
2 40 65 72 125
1 39 1 121 211 120474199
2 223 113 224 221
1 215 171 269 201 48575804
1 40 54 44 191 39632568
2 188 52 245 127
1 95 44 239 197 12303015
1 68 61 79 157 17441998
1 143 110 222 156 182077431
1 165 43 172 227 175814035
1 203 162 204 205 5854484
1 32 5 200 193 172693209
1 6 53 176 81 132840539
1 104 115 120 216 71726488
1 90 61 161 117 43085247
1 178 153 192 168 35322141
2 32 49 179 174
1 57 12 148 110 33023546
1 152 48 180 219 75505474
2 58 38 184 228
1 35 28 178 116 47735944
2 196 57 286 229
2 82 5 250 149
1 62 80 153 215 144806443
2 105 103 175 141
2 233 162 264 224
1 255 64 275 124 177041849
2 50 156 187 172
1 5 16 133 178 188742027
2 106 53 268 180
1 80 68 232 92 97106010
1 127 117 283 185 43184886
2 8 158 42 232
2 115 106 159 135
2 110 166 142 191
1 232 223 274 226 106858565
1 127 126 244 177 58379238
1 216 77 284 179 176197426
2 59 36 207 159
1 227 85 283 186 94584100
2 75 88 147 204
2 123 11 187 124
1 172 86 281 185 123520074
2 209 181 282 198
1 145 25 223 92 152326711
2 65 29 266 50
2 76 16 107 146
1 13 221 53 222 178361429
2 7 113 212 165
1 139 197 258 232 38255342
2 23 108 162 156
1 23 87 114 181 84181444
2 90 83 262 209
2 181 163 196 210
2 159 18 285 122
1 100 42 271 151 166245128
2 73 34 237 136
1 136 43 204 192 142572997
1 203 50 262 65 84111589
1 27 18 215 210 87101156
1 223 124 235 219 72897621
1 140 185 166 188 101454095
2 192 142 297 213
1 3 40 295 146 65218244
1 107 48 170 65 92605651
1 89 30 294 161 108926488
2 111 44 158 64
1 14 123 194 185 21932095
1 273 88 283 129 70063315
2 11 3 88 192
1 66 17 111 135 42912103
1 5 105 185 172 179185089
2 25 88 276 185
1 30 6 286 187 73103235
1 164 60 283 133 151625628
1 68 14 151 149 61754702
2 53 45 248 110
1 11 2 94 51 20659893
1 83 9 88 28 47546533
1 120 108 134 227 15881806
1 132 89 219 229 86694259
1 103 10 144 98 172107217
2 214 41 264 117
2 51 79 113 123
2 153 191 250 192
2 210 111 282 198
2 102 24 280 217
1 156 138 292 233 66101444
1 126 102 141 183 171751121
1 21 23 209 165 144674878
1 79 16 187 87 15842436
1 271 42 285 193 155334388
2 129 22 288 74
2 163 162 268 175
1 154 74 182 152 195057607
2 89 127 296 139
2 162 92 244 159
1 22 190 62 207 109071458
2 158 17 234 159
2 107 50 251 142
2 61 134 199 192
1 90 169 127 193 65227239
1 72 174 263 199 142860887
1 9 49 70 64 110146320
1 25 28 200 130 63863114
2 28 39 54 85
1 117 84 264 228 60431015
2 122 22 255 106
1 4 197 243 224 133947085
2 49 31 162 137
2 105 82 142 112
1 65 9 143 229 80079247
1 73 81 219 212 95550260
1 97 40 268 96 183390980
2 2 132 37 148
1 49 71 178 182 92576070
1 40 21 212 129 100242150
2 1 59 91 95
1 194 9 256 170 139701993
2 124 37 293 54
1 6 182 215 205 19063036
1 140 62 201 85 129206531
2 22 5 256 74
1 147 88 182 181 148282948
2 94 144 147 162
1 198 50 201 202 126438751
1 59 8 238 75 160129964
1 43 144 184 160 148527740
1 92 59 150 153 48924111
1 92 76 262 231 40824668
2 2 33 59 117
2 25 102 67 118
1 109 42 228 205 123581609
1 33 134 279 214 128057875
2 5 71 234 227
2 36 32 150 90
1 247 106 249 184 181708927
1 109 153 124 155 184159507
1 20 70 91 77 8126735
2 188 41 266 132
2 103 17 178 229
1 44 112 93 215 92148124
1 137 190 233 230 146586204
2 146 176 293 218
2 14 16 214 187
2 114 25 183 42
1 183 16 233 60 131620025
2 133 79 186 84
1 75 34 176 136 90441158
1 182 73 223 106 193511767
2 112 45 205 174
1 23 130 193 132 49093393
2 145 75 248 184
2 83 217 251 224
1 91 206 195 229 33537624
2 21 39 27 63
2 183 25 286 73
2 81 24 260 195
1 149 25 280 82 185031156
2 130 162 247 210
1 2 98 100 210 180752086
2 58 12 257 228
2 175 123 234 158
2 31 192 200 208
2 218 41 273 88
2 145 179 291 231
1 262 137 269 185 181980866
1 28 112 68 161 99511124
1 38 49 132 144 81732926
1 179 3 237 230 31415874
2 37 32 77 231
2 88 156 234 173
2 56 37 224 212
2 2 65 152 154
2 162 57 276 164
1 78 4 182 139 39286565
1 97 13 123 44 194917836
1 18 79 182 98 142050929
1 63 68 99 183 80370488
1 215 176 284 222 95606782
2 5 31 110 151
1 74 72 277 194 137008387
1 174 107 230 186 173038603
1 90 116 159 192 156338461
2 5 3 186 110
2 187 101 258 141
2 183 100 224 169
2 43 146 73 150
2 223 50 281 63
2 104 63 247 70
2 159 85 248 231
2 30 169 165 188
1 22 103 148 187 39888344
1 152 51 279 159 297366
2 78 183 169 202
1 45 32 89 34 45731035
1 194 36 216 92 116766344
2 106 105 278 226
1 225 107 246 203 122470065
2 3 30 12 231
2 30 14 41 78
2 42 101 44 109
2 50 139 256 164
1 16 93 32 189 62049360
2 27 61 55 194
2 34 52 71 133
2 266 18 297 92
2 11 69 170 209
2 26 61 256 106
2 131 12 217 114
1 105 9 226 124 81165446
2 217 138 238 233
1 62 27 153 156 38664537
2 10 37 171 77
2 195 131 197 186
2 53 51 82 175
2 21 133 141 171
1 233 83 238 200 10194756
2 94 61 133 139
2 134 37 250 216
2 106 92 128 183
1 119 195 244 215 29260063
2 10 85 121 87
1 149 98 151 107 127806715
1 234 84 288 102 157467194
1 104 179 183 218 107544891
1 26 146 296 215 67371914
2 198 22 283 146
1 236 7 292 223 99512206
2 248 200 288 229
1 77 97 297 217 105599196
2 13 100 295 217
1 159 78 243 206 127166346
1 10 7 183 210 190559128
1 44 83 136 160 25763327
1 118 136 249 172 119824626
1 136 67 244 99 195289639
2 202 18 266 91
2 44 34 279 156
2 154 14 188 79
2 42 126 241 170
2 162 43 219 195
2 88 175 157 219
2 48 89 265 212
1 109 8 195 41 183788550
1 189 119 253 212 50568515
1 12 60 190 70 152473976
2 114 32 198 73
2 132 72 255 91
1 1 68 11 89 175911815
1 41 87 95 202 149937606
1 26 188 118 206 66407282
2 102 70 279 122
1 168 80 169 154 52833310
1 138 143 226 219 31048003
1 177 31 260 71 9026703
1 17 61 132 131 119878458
2 75 170 283 185
2 243 15 298 133
2 162 127 206 212
1 134 77 240 212 128972000
1 6 165 228 201 173822216
1 21 168 92 193 123019874
1 72 103 95 193 17536344
2 101 57 204 221
2 16 189 233 212
1 124 83 132 181 51676436
2 119 84 209 221
1 44 166 219 233 158992013
2 20 77 192 129
2 7 109 228 200
2 167 52 231 117
2 3 134 36 159
1 84 76 277 172 119194730
2 40 44 263 117
2 20 143 36 193
1 92 28 241 174 37452103
1 79 67 126 129 185770577
1 75 59 187 73 155975501
1 70 133 276 201 6796457
1 145 17 280 160 163135870
2 72 60 265 173
1 5 120 11 163 29875325
2 86 21 290 110
1 201 95 279 126 3478817
1 215 58 252 218 2445519
2 178 18 256 225
1 72 90 297 126 158591513
2 123 49 151 145
2 157 35 161 210
2 139 127 279 208
1 6 3 210 108 191810875
1 73 93 297 177 114429403
2 73 65 170 143
2 18 132 28 206
1 10 93 170 160 32840280
2 69 97 144 113
1 27 59 155 182 97434290
2 219 63 289 204
1 2 139 120 156 97069155
2 56 157 66 223
1 211 6 274 23 104745573
2 7 46 121 60
1 111 42 200 183 8593255
2 157 15 246 173
2 164 124 196 188
1 151 1 179 187 53486453
2 87 36 152 206
1 240 102 275 203 29684666
1 282 32 294 119 187799368
2 188 7 232 158
1 164 152 275 168 134698194
2 9 19 210 106
1 37 79 53 138 75715983
1 14 204 145 221 2101446
1 40 42 239 222 10163366
1 7 66 9 113 48503180
2 184 173 234 221
2 153 47 237 136
1 6 65 185 184 48004319
1 105 205 226 219 9882766
1 59 132 217 143 106513045
1 199 64 212 195 29936397
1 92 117 233 196 128720271
2 148 218 222 223
1 2 37 258 213 99514492
1 17 15 37 32 17604855
2 19 39 274 117
1 26 26 127 117 152502342
2 245 13 266 76
2 23 56 183 154
1 82 120 88 228 140494279
2 12 122 136 136
2 23 51 145 219
1 77 79 272 228 7489717
1 53 144 97 151 196534555
2 243 8 260 166
1 42 4 293 86 56789368
2 42 43 90 147
2 68 143 244 208
1 39 11 176 15 143908340
2 100 14 232 15
2 14 211 233 211
2 68 44 75 117
1 194 187 224 207 80675861
1 54 125 72 188 13181913
1 74 159 86 216 61565011
2 68 72 240 147
2 235 94 260 167
1 152 119 185 232 57498525
1 126 182 150 197 67142446
1 220 24 265 115 5878169
1 36 164 140 172 22463204
2 129 59 291 186
2 28 65 239 232
2 210 8 224 204
2 24 2 134 152
2 122 144 212 144
2 13 133 244 173
2 13 49 84 133
2 46 162 49 224
2 166 4 213 233
1 23 105 166 146 159248999
1 146 3 154 210 66694319
2 22 94 267 175
2 83 44 117 114
1 180 106 229 116 144439333
2 116 119 234 137
1 55 35 94 189 44293758
2 119 116 290 129
1 5 58 7 174 61518616
1 60 159 157 183 30942042
2 81 78 160 140
1 206 70 224 176 85932846
1 69 103 189 175 27046193
2 248 89 255 150
2 35 102 273 158
1 176 146 218 164 55241041
1 14 162 187 178 3440877
2 185 46 276 233
1 163 102 222 186 65643976
1 79 120 235 192 148872695
2 263 173 271 226
1 285 8 291 173 107730344
1 114 41 236 144 166914714
2 135 184 148 200
2 148 183 271 232
1 174 39 185 192 40830295
1 154 26 276 169 65178017
1 256 2 296 18 131001617
1 23 7 78 129 78997589
2 188 100 260 141
1 39 85 160 195 166110176
1 28 107 77 112 166713193
2 79 37 90 194
1 159 136 176 201 64027912
2 121 170 147 205
2 165 37 294 135
2 86 59 129 75
2 144 84 250 91
1 158 91 255 131 168853588
1 24 41 119 48 191925325
2 22 10 293 110
1 60 119 87 225 71949869
1 182 204 281 229 112367361
1 125 102 245 131 182405885
1 117 85 223 181 108553709
2 34 111 105 114
2 29 105 121 186
1 49 85 257 162 80143791
2 104 50 263 114
2 24 64 274 102
2 31 88 258 216
2 9 37 251 92
1 262 13 273 29 74239378
2 49 12 258 225
1 45 84 166 108 19477671
1 137 78 283 116 145484012
2 262 82 268 144
2 294 15 298 101
2 81 117 179 154
1 218 17 233 220 174620772
1 39 112 113 204 45409244
2 262 71 272 74
1 204 48 231 121 93041152
2 30 144 176 174
2 86 183 250 203
2 14 99 131 127
1 10 81 201 190 196408343
2 49 110 208 155
2 130 52 164 220
1 185 157 283 211 113114566
2 71 141 154 214
